         [38;2;0;0;0m▄[0m[48;2;0;0;0m[38;2;181;99;123m▄[0m[48;2;0;0;0m[38;2;222;140;148m▄[0m[48;2;0;0;0m[38;2;222;140;148m▄[0m[48;2;0;0;0m[38;2;222;140;148m▄[0m[48;2;0;0;0m[38;2;181;99;123m▄[0m[38;2;0;0;0m▄[0m       
    [38;2;0;0;0m▄[0m[38;2;0;0;0m▄[0m[48;2;0;0;0m[38;2;222;140;148m▄[0m[48;2;0;0;0m[38;2;222;140;148m▄[0m[48;2;0;0;0m[38;2;222;140;148m▄[0m[48;2;222;140;148m[38;2;222;140;148m▄[0m[48;2;222;140;148m[38;2;222;140;148m▄[0m[48;2;222;140;148m[38;2;181;99;123m▄[0m[48;2;222;140;148m[38;2;0;0;0m▄[0m[48;2;181;99;123m[38;2;0;0;0m▄[0m[38;2;0;0;0m▀[0m        
 [38;2;0;0;0m▄[0m[48;2;0;0;0m[38;2;65;65;65m▄[0m[48;2;0;0;0m[38;2;181;99;123m▄[0m[48;2;181;99;123m[38;2;0;0;0m▄[0m[48;2;222;140;148m[38;2;0;0;0m▄[0m[38;2;0;0;0m▀[0m[38;2;0;0;0m▀[0m[38;2;0;0;0m▀[0m[38;2;0;0;0m▀[0m[38;2;0;0;0m▀[0m[38;2;0;0;0m▀[0m           
[48;2;0;0;0m[38;2;0;0;0m▄[0m[48;2;65;65;65m[38;2;181;99;123m▄[0m[48;2;181;99;123m[38;2;0;0;0m▄[0m[38;2;0;0;0m▀[0m [38;2;0;0;0m▄[0m[38;2;0;0;0m▄[0m                
[38;2;0;0;0m▀[0m[48;2;181;99;123m[38;2;0;0;0m▄[0m[48;2;65;65;65m[38;2;181;99;123m▄[0m[48;2;0;0;0m[38;2;181;99;123m▄[0m[48;2;0;0;0m[38;2;65;65;65m▄[0m[48;2;65;65;65m[38;2;222;140;148m▄[0m[48;2;222;140;148m[38;2;181;99;123m▄[0m[48;2;0;0;0m[38;2;255;189;197m▄[0m[48;2;0;0;0m[38;2;255;189;197m▄[0m[38;2;0;0;0m▄[0m[48;2;0;0;0m[38;2;181;99;123m▄[0m[48;2;0;0;0m[38;2;255;189;197m▄[0m[38;2;0;0;0m▄[0m          
  [38;2;0;0;0m▀[0m[38;2;0;0;0m▀[0m[48;2;0;0;0m[38;2;0;0;0m▄[0m[48;2;255;189;197m[38;2;222;140;148m▄[0m[48;2;255;189;197m[38;2;255;189;197m▄[0m[48;2;255;189;197m[38;2;255;189;197m▄[0m[48;2;255;189;197m[38;2;255;189;197m▄[0m[48;2;255;189;197m[38;2;181;99;123m▄[0m[48;2;255;189;197m[38;2;255;189;197m▄[0m[48;2;222;140;148m[38;2;255;189;197m▄[0m[48;2;0;0;0m[38;2;0;0;0m▄[0m[38;2;0;0;0m▄[0m[38;2;0;0;0m▄[0m[38;2;0;0;0m▄[0m       
   [48;2;0;0;0m[38;2;0;0;0m▄[0m[48;2;255;189;197m[38;2;255;189;197m▄[0m[48;2;222;140;148m[38;2;255;189;197m▄[0m[48;2;255;189;197m[38;2;255;189;197m▄[0m[48;2;255;189;197m[38;2;255;189;197m▄[0m[48;2;181;99;123m[38;2;181;99;123m▄[0m[48;2;255;255;255m[38;2;0;0;0m▄[0m[48;2;90;123;255m[38;2;0;0;0m▄[0m[48;2;255;255;255m[38;2;255;255;255m▄[0m[48;2;222;140;148m[38;2;222;140;148m▄[0m[48;2;65;65;65m[38;2;0;0;0m▄[0m[48;2;181;99;123m[38;2;0;0;0m▄[0m[48;2;181;99;123m[38;2;0;0;0m▄[0m[48;2;0;0;0m[38;2;181;99;123m▄[0m[48;2;0;0;0m[38;2;222;140;148m▄[0m[48;2;0;0;0m[38;2;222;140;148m▄[0m[38;2;0;0;0m▄[0m[38;2;0;0;0m▄[0m  
    [48;2;0;0;0m[38;2;0;0;0m▄[0m[48;2;255;189;197m[38;2;222;140;148m▄[0m[48;2;255;189;197m[38;2;255;189;197m▄[0m[48;2;255;189;197m[38;2;255;189;197m▄[0m[48;2;255;189;197m[38;2;255;189;197m▄[0m[48;2;90;123;255m[38;2;222;140;148m▄[0m[48;2;255;255;255m[38;2;222;140;148m▄[0m[48;2;222;140;148m[38;2;181;99;123m▄[0m[48;2;0;0;0m[38;2;222;140;148m▄[0m[38;2;0;0;0m▄[0m[38;2;0;0;0m▄[0m[38;2;0;0;0m▄[0m[38;2;0;0;0m▀[0m[38;2;0;0;0m▀[0m[38;2;0;0;0m▀[0m[48;2;222;140;148m[38;2;0;0;0m▄[0m[48;2;65;65;65m[38;2;222;140;148m▄[0m[48;2;0;0;0m[38;2;0;0;0m▄[0m 
     [38;2;0;0;0m▀[0m[48;2;222;140;148m[38;2;0;0;0m▄[0m[48;2;222;140;148m[38;2;0;0;0m▄[0m[38;2;0;0;0m▀[0m[48;2;0;0;0m[38;2;0;0;0m▄[0m[48;2;65;65;65m[38;2;222;140;148m▄[0m[48;2;222;140;148m[38;2;255;189;197m▄[0m[48;2;222;140;148m[38;2;255;189;197m▄[0m[48;2;255;189;197m[38;2;222;140;148m▄[0m[48;2;255;189;197m[38;2;65;65;65m▄[0m[48;2;222;140;148m[38;2;0;0;0m▄[0m[38;2;0;0;0m▀[0m   [48;2;0;0;0m[38;2;0;0;0m▄[0m[48;2;222;140;148m[38;2;222;140;148m▄[0m[48;2;0;0;0m[38;2;0;0;0m▄[0m
        [48;2;0;0;0m[38;2;0;0;0m▄[0m[48;2;222;140;148m[38;2;222;140;148m▄[0m[48;2;65;65;65m[38;2;65;65;65m▄[0m[48;2;255;189;197m[38;2;255;189;197m▄[0m[48;2;181;99;123m[38;2;181;99;123m▄[0m[48;2;255;189;197m[38;2;255;189;197m▄[0m[48;2;255;189;197m[38;2;255;189;197m▄[0m[48;2;0;0;0m[38;2;255;189;197m▄[0m[38;2;0;0;0m▄[0m[38;2;0;0;0m▄[0m[38;2;0;0;0m▄[0m[48;2;0;0;0m[38;2;222;140;148m▄[0m[48;2;222;140;148m[38;2;65;65;65m▄[0m[48;2;65;65;65m[38;2;0;0;0m▄[0m[38;2;0;0;0m▀[0m
         [48;2;0;0;0m[38;2;0;0;0m▄[0m[48;2;65;65;65m[38;2;181;99;123m▄[0m[48;2;65;65;65m[38;2;65;65;65m▄[0m[48;2;222;140;148m[38;2;0;0;0m▄[0m[48;2;181;99;123m[38;2;0;0;0m▄[0m[48;2;255;189;197m[38;2;65;65;65m▄[0m[48;2;222;140;148m[38;2;181;99;123m▄[0m[48;2;65;65;65m[38;2;222;140;148m▄[0m[48;2;181;99;123m[38;2;0;0;0m▄[0m[48;2;181;99;123m[38;2;0;0;0m▄[0m[38;2;0;0;0m▀[0m[38;2;0;0;0m▀[0m  
          [38;2;0;0;0m▀[0m[38;2;0;0;0m▀[0m  [48;2;0;0;0m[38;2;0;0;0m▄[0m[48;2;222;140;148m[38;2;181;99;123m▄[0m[48;2;222;140;148m[38;2;255;189;197m▄[0m[48;2;0;0;0m[38;2;0;0;0m▄[0m     
               [38;2;0;0;0m▀[0m[38;2;0;0;0m▀[0m      
